PRES=106.08;
TEMP=219.81;
LAT=67.4319;
LEV=5.094612352168199;
CAIR=3.4954474868584004e+16;
